
Call:
lm(formula = Largos ~ k + n, data = datos)

Residuals:
    MRStudioGD 
        2 
RStudioGD 
        2 
RStudioGD 
        2 
RStudioGD 
        2 
RStudioGD 
        2 
RStudioGD 
        2 
RStudioGD 
        2 
null device 
          1 
null device 
          1 
null device 
          1 
null device 
          1 
null device 
          1 
null device 
          1 
null device 
          1 
null device 
          1 
null device 
          1 
[1] 49.22455
[1] 66.49346
[1] 46.37864
[1] 46.85647
[1] 31.20368
[1] 53.39944
[1] 90
[1] 30.24501
[1] 44.19558
[1] 47.73147
[1] 35.79253
[1] 55.40042
[1] 60.0616
[1] 43.5298
[1] 50.4594
[1] 30.50692
 [1] 52.52939 38.76578 66.91094 46.39658 66.71836 41.87503 44.31135 36.90044 42.47717 36.90534 55.72085
[12] 33.47768 42.61873 55.58868 53.92657 45.62023 62.17773 62.82133 27.72455 54.94054 51.49077 36.45059
[23] 54.00974 39.25717 33.46053 54.18523 35.06145 44.01289 58.59446 32.15851 36.93298 53.38140 52.18254
[34] 67.50460 64.02194 52.49174 41.62217 42.25137 41.50204 59.35816 47.32775 40.08242 46.44527 39.67339
[45] 45.45728 60.96170 54.92499 43.77992 38.71620 46.98532 49.88220 48.44905 72.22167 62.86219 50.11772
[56] 46.68342 77.13984 47.26871 48.92722 39.38097 69.67253 50.06954 32.28646 57.68091 31.85353 52.31314
[67] 34.07772 28.12953 57.04861 62.55063 54.31927 40.61705 55.36992 35.71812 54.40591 50.89496 44.94242
[78] 56.37370 44.30984 56.32371 35.26626 38.18762 54.58692 35.55407 47.14874 35.69358 43.94319 46.24491
[89] 55.36049 42.60556
[1] 3.571758 1.606692
[1] 46.89111
[1] 40
[1] 46
[1] 27
[1] 37
[1] 49
[1] 48
[1] 28
[1] 28
[1] 26
[1] 46
